1.  'max_depth': [8],
    'learning_rate': [0.05],
    'n_estimators': [100],
    'subsample': [0.8],
    'colsample_bytree': [0.8],
    'gamma': [0],
    'reg_alpha': [0],
    'reg_lambda': [1]
R2 Score: 0.9358286574628382
MAE:  0.814618361579047

2.
